   NUL SOH STX ETX EOT ENQ ACK \a  \b  \t  \n  \v  \f  \r  SO  SI  DLE DC1 DC2 DC3 DC4 NAK SYN ETB CAN EM  SUB ESC FS  GS  RS  US      !   "   #   $   %   &   '   (   )   *   +   ,   -   .   /   0   1   2   3   4   5   6   7   8   9   :   ;   <   =   >   ?   @   A   B   C   D   E   F   G   H   I   J   K   L   M   N   O   P   Q   R   S   T   U   V   W   X   Y   Z   [   \   ]   ^   _   `   a   b   c   d   e   f   g   h   i   j   k   l   m   n   o   p   q   r   s   t   u   v   w   x   y   z   {   |   }   ~ 
0  0   0   0   0   0   0   0   0   0   0   0   0   0   0   0   0   0   0   0   0   0   0   0   0   0   0   0   0   0   0   0   0   0   1   32  84  84  2   3   38  39  40  4   5   46  6   7   8   9   13  13  13  13  13  13  13  13  13  60  61  21  23  24  72  84  26  26  26  26  26  26  26  26  26  26  26  26  26  26  26  26  26  26  26  26  26  26  26  26  26  26  74  84  75  27  26  84  26  26  26  26  26  26  26  26  26  26  26  26  26  26  26  26  26  26  26  26  26  26  26  26  26  26  78  28  82  83  
1  30  30  30  30  30  30  30  30  30  30  30  30  30  30  30  30  30  30  30  30  30  30  30  30  30  30  30  30  30  30  30  30  30  30  30  30  30  30  30  30  30  30  30  30  30  30  30  30  30  30  30  30  30  30  30  30  30  30  30  30  30  31  30  30  30  30  30  30  30  30  30  30  30  30  30  30  30  30  30  30  30  30  30  30  30  30  30  30  30  30  30  30  30  30  30  30  30  30  30  30  30  30  30  30  30  30  30  30  30  30  30  30  30  30  30  30  30  30  30  30  30  30  30  30  30  30  30  
2  33  33  33  33  33  33  33  33  33  33  33  33  33  33  33  33  33  33  33  33  33  33  33  33  33  33  33  33  33  33  33  33  33  33  33  33  33  33  33  33  33  33  33  33  33  33  33  33  33  33  33  33  33  33  33  33  33  33  33  33  33  34  33  33  33  33  33  33  33  33  33  33  33  33  33  33  33  33  33  33  33  33  33  33  33  33  33  33  33  33  33  33  33  33  33  33  33  33  33  33  33  33  33  33  33  33  33  33  33  33  33  33  33  33  33  33  33  33  33  33  33  33  33  33  33  33  33  
3  35  35  35  35  35  35  35  35  35  35  35  35  35  35  35  35  35  35  35  35  35  35  35  35  35  35  35  35  35  35  35  35  35  35  35  35  35  35  36  35  35  35  35  35  35  35  35  35  35  35  35  35  35  35  35  35  35  35  35  35  35  37  35  35  35  35  35  35  35  35  35  35  35  35  35  35  35  35  35  35  35  35  35  35  35  35  35  35  35  35  35  35  35  35  35  35  35  35  35  35  35  35  35  35  35  35  35  35  35  35  35  35  35  35  35  35  35  35  35  35  35  35  35  35  35  35  35  
4  41  41  41  41  41  41  41  41  41  41  41  41  41  41  41  41  41  41  41  41  41  41  41  41  41  41  41  41  41  41  41  41  41  41  41  41  41  41  41  41  41  41  41  41  41  41  41  41  41  41  41  41  41  41  41  41  41  41  41  41  41  42  41  41  41  41  41  41  41  41  41  41  41  41  41  41  41  41  41  41  41  41  41  41  41  41  41  41  41  41  41  41  41  41  41  41  41  41  41  41  41  41  41  41  41  41  41  41  41  41  41  41  41  41  41  41  41  41  41  41  41  41  41  41  41  41  41  
5  43  43  43  43  43  43  43  43  43  43  43  43  43  43  43  43  43  43  43  43  43  43  43  43  43  43  43  43  43  43  43  43  43  43  43  43  43  43  43  43  43  43  43  44  43  43  43  43  43  43  43  43  43  43  43  43  43  43  43  43  43  45  43  43  43  43  43  43  43  43  43  43  43  43  43  43  43  43  43  43  43  43  43  43  43  43  43  43  43  43  43  43  43  43  43  43  43  43  43  43  43  43  43  43  43  43  43  43  43  43  43  43  43  43  43  43  43  43  43  43  43  43  43  43  43  43  43  
6  47  47  47  47  47  47  47  47  47  47  47  47  47  47  47  47  47  47  47  47  47  47  47  47  47  47  47  47  47  47  47  47  47  47  47  47  47  47  47  47  47  47  47  47  47  49  47  47  47  47  47  47  47  47  47  47  47  47  47  47  47  50  48  47  47  47  47  47  47  47  47  47  47  47  47  47  47  47  47  47  47  47  47  47  47  47  47  47  47  47  47  47  47  47  47  47  47  47  47  47  47  47  47  47  47  47  47  47  47  47  47  47  47  47  47  47  47  47  47  47  47  47  47  47  47  47  47  
7  51  51  51  51  51  51  51  51  51  51  51  51  51  51  51  51  51  51  51  51  51  51  51  51  51  51  51  51  51  51  51  51  51  51  51  51  51  51  51  51  51  51  51  51  51  51  51  51  17  17  17  17  17  17  17  17  17  17  51  51  51  51  51  51  51  51  51  51  51  51  51  51  51  51  51  51  51  51  51  51  51  51  51  51  51  51  51  51  51  51  51  51  51  51  51  51  51  51  51  51  51  51  51  51  51  51  51  51  51  51  51  51  51  51  51  51  51  51  51  51  51  51  51  51  51  51  51  
8  52  52  52  52  52  52  52  52  52  52  52  52  52  52  52  52  52  52  52  52  52  52  52  52  52  52  52  52  52  52  52  52  52  52  52  52  52  52  52  52  52  52  55  52  52  52  52  54  52  52  52  52  52  52  52  52  52  52  52  52  52  53  52  52  52  52  52  52  52  52  52  52  52  52  52  52  52  52  52  52  52  52  52  52  52  52  52  52  52  52  52  52  52  52  52  52  52  52  52  52  52  52  52  52  52  52  52  52  52  52  52  52  52  52  52  52  52  52  52  52  52  52  52  52  52  52  52  
9  58  58  58  58  58  58  58  58  58  58  58  58  58  58  58  58  58  58  58  58  58  58  58  58  58  58  58  58  58  58  58  58  58  58  58  58  58  58  58  58  58  58  58  58  58  58  17  58  10  10  10  10  10  10  10  10  85  85  58  58  58  58  58  58  58  86  86  86  86  86  86  86  86  86  86  86  86  86  86  86  86  86  86  86  86  86  86  86  11  86  86  58  58  58  58  58  58  86  86  86  86  86  86  86  86  86  86  86  86  86  86  86  86  86  86  86  86  86  86  86  11  86  86  58  58  58  58  
10 56  56  56  56  56  56  56  56  56  56  56  56  56  56  56  56  56  56  56  56  56  56  56  56  56  56  56  56  56  56  56  56  56  56  56  56  56  56  56  56  56  56  56  56  56  56  17  56  10  10  10  10  10  10  10  10  85  85  56  56  56  56  56  56  56  86  86  86  86  86  86  86  86  86  86  86  86  86  86  86  86  86  86  86  86  86  86  86  86  86  86  56  56  56  56  56  56  86  86  86  86  86  86  86  86  86  86  86  86  86  86  86  86  86  86  86  86  86  86  86  86  86  86  56  56  56  56  
11 86  86  86  86  86  86  86  86  86  86  86  86  86  86  86  86  86  86  86  86  86  86  86  86  86  86  86  86  86  86  86  86  86  86  86  86  86  86  86  86  86  86  86  86  86  86  86  86  12  12  12  12  12  12  12  12  12  12  86  86  86  86  86  86  86  12  12  12  12  12  12  86  86  86  86  86  86  86  86  86  86  86  86  86  86  86  86  86  86  86  86  86  86  86  86  86  86  12  12  12  12  12  12  86  86  86  86  86  86  86  86  86  86  86  86  86  86  86  86  86  86  86  86  86  86  86  86  
12 57  57  57  57  57  57  57  57  57  57  57  57  57  57  57  57  57  57  57  57  57  57  57  57  57  57  57  57  57  57  57  57  57  57  57  57  57  57  57  57  57  57  57  57  57  57  57  57  12  12  12  12  12  12  12  12  12  12  57  57  57  57  57  57  57  12  12  12  12  12  12  86  86  86  86  86  86  86  86  86  86  86  86  86  86  86  86  86  86  86  86  57  57  57  57  57  57  12  12  12  12  12  12  86  86  86  86  86  86  86  86  86  86  86  86  86  86  86  86  86  86  86  86  57  57  57  57  
13 58  58  58  58  58  58  58  58  58  58  58  58  58  58  58  58  58  58  58  58  58  58  58  58  58  58  58  58  58  58  58  58  58  58  58  58  58  58  58  58  58  58  58  58  58  58  17  58  13  13  13  13  13  13  13  13  13  13  58  58  58  58  58  58  58  58  58  58  58  14  58  58  58  58  58  58  58  58  58  58  58  58  58  58  58  58  58  58  58  58  58  58  58  58  58  58  58  58  58  58  58  14  58  58  58  58  58  58  58  58  58  58  58  58  58  58  58  58  58  58  58  58  58  58  58  58  58  
14 87  87  87  87  87  87  87  87  87  87  87  87  87  87  87  87  87  87  87  87  87  87  87  87  87  87  87  87  87  87  87  87  87  87  87  87  87  87  87  87  87  87  87  15  87  15  87  87  16  16  16  16  16  16  16  16  16  16  87  87  87  87  87  87  87  87  87  87  87  87  87  87  87  87  87  87  87  87  87  87  87  87  87  87  87  87  87  87  87  87  87  87  87  87  87  87  87  87  87  87  87  87  87  87  87  87  87  87  87  87  87  87  87  87  87  87  87  87  87  87  87  87  87  87  87  87  87  
15 87  87  87  87  87  87  87  87  87  87  87  87  87  87  87  87  87  87  87  87  87  87  87  87  87  87  87  87  87  87  87  87  87  87  87  87  87  87  87  87  87  87  87  87  87  87  87  87  16  16  16  16  16  16  16  16  16  16  87  87  87  87  87  87  87  87  87  87  87  87  87  87  87  87  87  87  87  87  87  87  87  87  87  87  87  87  87  87  87  87  87  87  87  87  87  87  87  87  87  87  87  87  87  87  87  87  87  87  87  87  87  87  87  87  87  87  87  87  87  87  87  87  87  87  87  87  87  
16 58  58  58  58  58  58  58  58  58  58  58  58  58  58  58  58  58  58  58  58  58  58  58  58  58  58  58  58  58  58  58  58  58  58  58  58  58  58  58  58  58  58  58  58  58  58  58  58  16  16  16  16  16  16  16  16  16  16  58  58  58  58  58  58  58  58  58  58  58  58  58  58  58  58  58  58  58  58  58  58  58  58  58  58  58  58  58  58  58  58  58  58  58  58  58  58  58  58  58  58  58  58  58  58  58  58  58  58  58  58  58  58  58  58  58  58  58  58  58  58  58  58  58  58  58  58  58  
17 59  59  59  59  59  59  59  59  59  59  59  59  59  59  59  59  59  59  59  59  59  59  59  59  59  59  59  59  59  59  59  59  59  59  59  59  59  59  59  59  59  59  59  59  59  59  59  59  17  17  17  17  17  17  17  17  17  17  59  59  59  59  59  59  59  59  59  59  59  18  59  59  59  59  59  59  59  59  59  59  59  59  59  59  59  59  59  59  59  59  59  59  59  59  59  59  59  59  59  59  59  18  59  59  59  59  59  59  59  59  59  59  59  59  59  59  59  59  59  59  59  59  59  59  59  59  59  
18 87  87  87  87  87  87  87  87  87  87  87  87  87  87  87  87  87  87  87  87  87  87  87  87  87  87  87  87  87  87  87  87  87  87  87  87  87  87  87  87  87  87  87  19  87  19  87  87  20  20  20  20  20  20  20  20  20  20  87  87  87  87  87  87  87  87  87  87  87  87  87  87  87  87  87  87  87  87  87  87  87  87  87  87  87  87  87  87  87  87  87  87  87  87  87  87  87  87  87  87  87  87  87  87  87  87  87  87  87  87  87  87  87  87  87  87  87  87  87  87  87  87  87  87  87  87  87  
19 87  87  87  87  87  87  87  87  87  87  87  87  87  87  87  87  87  87  87  87  87  87  87  87  87  87  87  87  87  87  87  87  87  87  87  87  87  87  87  87  87  87  87  87  87  87  87  87  20  20  20  20  20  20  20  20  20  20  87  87  87  87  87  87  87  87  87  87  87  87  87  87  87  87  87  87  87  87  87  87  87  87  87  87  87  87  87  87  87  87  87  87  87  87  87  87  87  87  87  87  87  87  87  87  87  87  87  87  87  87  87  87  87  87  87  87  87  87  87  87  87  87  87  87  87  87  87  
20 59  59  59  59  59  59  59  59  59  59  59  59  59  59  59  59  59  59  59  59  59  59  59  59  59  59  59  59  59  59  59  59  59  59  59  59  59  59  59  59  59  59  59  59  59  59  59  59  20  20  20  20  20  20  20  20  20  20  59  59  59  59  59  59  59  59  59  59  59  59  59  59  59  59  59  59  59  59  59  59  59  59  59  59  59  59  59  59  59  59  59  59  59  59  59  59  59  59  59  59  59  59  59  59  59  59  59  59  59  59  59  59  59  59  59  59  59  59  59  59  59  59  59  59  59  59  59  
21 62  62  62  62  62  62  62  62  62  62  62  62  62  62  62  62  62  62  62  62  62  62  62  62  62  62  62  62  62  62  62  62  62  62  62  62  62  62  62  62  62  62  62  62  62  62  62  62  62  62  62  62  62  62  62  62  62  62  62  62  22  64  62  62  62  62  62  62  62  62  62  62  62  62  62  62  62  62  62  62  62  62  62  62  62  62  62  62  62  62  62  62  62  62  62  62  62  62  62  62  62  62  62  62  62  62  62  62  62  62  62  62  62  62  62  62  62  62  62  62  62  62  62  62  62  62  62  
22 63  63  63  63  63  63  63  63  63  63  63  63  63  63  63  63  63  63  63  63  63  63  63  63  63  63  63  63  63  63  63  63  63  63  63  63  63  63  63  63  63  63  63  63  63  63  63  63  63  63  63  63  63  63  63  63  63  63  63  63  63  65  63  63  63  63  63  63  63  63  63  63  63  63  63  63  63  63  63  63  63  63  63  63  63  63  63  63  63  63  63  63  63  63  63  63  63  63  63  63  63  63  63  63  63  63  63  63  63  63  63  63  63  63  63  63  63  63  63  63  63  63  63  63  63  63  63  
23 66  66  66  66  66  66  66  66  66  66  66  66  66  66  66  66  66  66  66  66  66  66  66  66  66  66  66  66  66  66  66  66  66  66  66  66  66  66  66  66  66  66  66  66  66  66  66  66  66  66  66  66  66  66  66  66  66  66  66  66  66  67  66  66  66  66  66  66  66  66  66  66  66  66  66  66  66  66  66  66  66  66  66  66  66  66  66  66  66  66  66  66  66  66  66  66  66  66  66  66  66  66  66  66  66  66  66  66  66  66  66  66  66  66  66  66  66  66  66  66  66  66  66  66  66  66  66  
24 68  68  68  68  68  68  68  68  68  68  68  68  68  68  68  68  68  68  68  68  68  68  68  68  68  68  68  68  68  68  68  68  68  68  68  68  68  68  68  68  68  68  68  68  68  68  68  68  68  68  68  68  68  68  68  68  68  68  68  68  68  70  25  68  68  68  68  68  68  68  68  68  68  68  68  68  68  68  68  68  68  68  68  68  68  68  68  68  68  68  68  68  68  68  68  68  68  68  68  68  68  68  68  68  68  68  68  68  68  68  68  68  68  68  68  68  68  68  68  68  68  68  68  68  68  68  68  
25 69  69  69  69  69  69  69  69  69  69  69  69  69  69  69  69  69  69  69  69  69  69  69  69  69  69  69  69  69  69  69  69  69  69  69  69  69  69  69  69  69  69  69  69  69  69  69  69  69  69  69  69  69  69  69  69  69  69  69  69  69  71  69  69  69  69  69  69  69  69  69  69  69  69  69  69  69  69  69  69  69  69  69  69  69  69  69  69  69  69  69  69  69  69  69  69  69  69  69  69  69  69  69  69  69  69  69  69  69  69  69  69  69  69  69  69  69  69  69  69  69  69  69  69  69  69  69  
26 73  73  73  73  73  73  73  73  73  73  73  73  73  73  73  73  73  73  73  73  73  73  73  73  73  73  73  73  73  73  73  73  73  73  73  73  73  73  73  73  73  73  73  73  73  73  73  73  26  26  26  26  26  26  26  26  26  26  73  73  73  73  73  73  73  26  26  26  26  26  26  26  26  26  26  26  26  26  26  26  26  26  26  26  26  26  26  26  26  26  26  73  73  73  73  26  73  26  26  26  26  26  26  26  26  26  26  26  26  26  26  26  26  26  26  26  26  26  26  26  26  26  26  73  73  73  73  
27 76  76  76  76  76  76  76  76  76  76  76  76  76  76  76  76  76  76  76  76  76  76  76  76  76  76  76  76  76  76  76  76  76  76  76  76  76  76  76  76  76  76  76  76  76  76  76  76  76  76  76  76  76  76  76  76  76  76  76  76  76  77  76  76  76  76  76  76  76  76  76  76  76  76  76  76  76  76  76  76  76  76  76  76  76  76  76  76  76  76  76  76  76  76  76  76  76  76  76  76  76  76  76  76  76  76  76  76  76  76  76  76  76  76  76  76  76  76  76  76  76  76  76  76  76  76  76  
28 79  79  79  79  79  79  79  79  79  79  79  79  79  79  79  79  79  79  79  79  79  79  79  79  79  79  79  79  79  79  79  79  79  79  79  79  79  79  79  79  79  79  79  79  79  79  79  79  79  79  79  79  79  79  79  79  79  79  79  79  79  81  79  79  79  79  79  79  79  79  79  79  79  79  79  79  79  79  79  79  79  79  79  79  79  79  79  79  79  79  79  79  79  79  79  79  79  79  79  79  79  79  79  79  79  79  79  79  79  79  79  79  79  79  79  79  79  79  79  79  79  79  79  79  80  79  79  
